$ANSIBLE_VAULT;1.1;AES256
61313230383031393066303364326666343132306338643763356566343635643063303430366538
3738333064383163306635353861626436363632653864350a346661306662643834396365336630
35376639333532323761303637386265303763313134356632356530356636393535656566643734
3339633935396131610a633461313762613434386463666537633061326334306639623462323635
35386266663731313034636466643462663064383337656638336631666431363932633263393039
35643461313131376637643761623761313464363132353035303437613333333637336435663466
61613666613735613331643235326331306361396235626234323137373932313730386137666461
34313766663032323837363865376130373633376133363161633034313232306535646134393634
36396536373163376661646333303037633962316239306132303930616162373463613631323965
31633865386566326432653238366231656338633735623136353139393135353038333137303733
61313232313563383036613034646239626261346362666562643034333961363663383032343234
34663039336362646361623837666261396535343932333239636266336536373766383565616465
66643438313966393038366361363930393030356333326237346137316632653763353039633364
36626632383032366138363039656236643639316239373136376336666466613933373263376461
32373931653334633562373165393563613936383463333534386632306539366363326261363631
61383465323838346461613663306537643732663237653637393363636532323036366330343164
39373936323035613736613863346166353432393637633361653836656533363661373234613933
35653464356538613531366261363437663661356438383861386235633263343063353965636263
33656530633866653837333164623137633064653566623961303162303837336662336239623739
64653362626464393131323734313164363965616361303833633961653866633263373035316663
66383638626266306362613663373833373561653463343963376139363364343032643261376539
31326263396563396138656430303630383566313434383665393133336234633038373136346432
63626333656262623831633562623332343966303462316431366537623036323032313436363765
62376166613762393033333739646465383562663261313062383433306566643361373566386563
61346462633963653363376232333430346264373639353330366263376564306461636665376566
37323835356162353964393336303233376431316164393661613635626130643965396565316231
30336336303830363061626236386461353737333133303135633261633537373634643136323732
36333730616361646131346463376463303237393537666334313236353336643530653737633333
63323032636361636662323633373464346538353830363739363239373861636366363535306134
62343563303762643664313661623063663232316533616632356231623333396335363435356136
32666566663164326462336337316339663764616466393861353061616233653661353934343137
30386639396663333663326463643238656336353739303838313635363266363465346565373361
36303733353430653361346435313438356138333562366336313738373733383834376565663464
62623864396363316265376233373736663230663439646231363465326632616531663163646664
63393435646432386664623733343034396632636635353065663032303138376635303930623835
31383532626366616362626437313464663138353466636236396464613138653535643230326461
63353134653734386266613937653034343162333232373236626261656266363731
